TX: <time: 09:10:57.863>
68 13 4e 19 3e 0d 01 86 14 00 01 00 ff 00 00 00 00 00 00 00 01
RX: <time: 09:10:57.944>
68 0e 3c 0d 40 19 64 01 06 00 01 00 00 00 00 14
TX: <time: 09:10:57.984>
68 0e 50 19 3e 0d 64 01 07 00 01 00 00 00 00 14
TX: <time: 09:10:58.104>
68 8c 52 19 3e 0d 01 ff 14 00 01 00 01 00 00 01 00 00 00 00 00 00 01 00 00 00 00 00 00 01 00 00 00 00 00 00 01 00 00 00 00 00 00 01 00 00 00 00 00 00
01 00 00 00 00 00 00 01 00 00 00 00 00 00 01 00 00 00 00 00 00 00 00 00 00 00 00 00 01 00 00 00 00 00 00 01 00 00 00 00 00 00 01 00 00 00 00 00 00 01
00 00 00 00 00 00 01 00 00 00 00 00 00 01 00 00 00 00 00 00 01 00 00 00 00 00 00 01 00 00 00 00 00 00 00 00 00 00 00 00 00 01
TX: <time: 09:10:58.265>
68 8c 54 19 3e 0d 01 ff 14 00 01 00 80 00 00 00 00 00 00 00 00 01 00 00 00 00 00 00 01 00 00 00 00 00 00 00 00 00 00 00 00 00 00 00 00 00 00 00 00 01
00 00 00 00 00 00 01 00 00 00 00 00 00 00 00 00 00 00 00 00 00 00 00 00 00 00 00 01 00 00 00 00 00 00 01 00 00 00 00 00 00 01 00 00 00 00 00 00 00 00
00 00 00 00 00 01 00 00 00 00 00 00 01 00 00 00 00 00 00 01 00 00 00 00 00 00 01 00 00 00 00 00 00 01 00 00 00 00 00 00 01 00
TX: <time: 09:10:58.385>
68 13 56 19 3e 0d 01 86 14 00 01 00 ff 00 00 00 00 00 00 00 01
TX: <time: 09:10:58.546>
68 d5 58 19 3e 0d 0d a8 14 00 01 00 01 40 00 00 00 ba 42 00 00 00 ba 42 00 00 00 ba 42 00 00 00 92 42 00 00 00 92 42 00 00 00 92 42 00 00 00 7e 42 00
00 00 7e 42 00 00 00 7e 42 00 00 00 00 00 00 00 00 00 00 00 00 00 00 00 00 00 00 00 00 00 00 00 00 00 00 00 00 00 00 00 00 00 00 00 00 00 00 00 00 00
00 00 00 00 00 00 00 00 00 00 00 00 00 00 00 00 00 00 00 00 00 00 00 00 00 00 00 00 00 00 00 00 00 00 00 00 00 00 00 00 00 00 00 00 00 00 00 00 00 00
00 00 00 00 00 00 00 00 00 00 00 00 00 00 00 00 00 00 00 00 00 00 00 00 00 00 00 00 00 00 00 00 00 00 00 00 00 00 00 00 00 00 00 00 00 00 00 00 00 00
00 00 00 00 00 00 00 00 00 00 00 00 00 00 00
TX: <time: 09:10:58.667>
68 d5 5a 19 3e 0d 0d a8 14 00 01 00 29 40 00 00 00 00 00 00 00 00 00 00 00 00 00 00 00 00 00 00 00 00 00 00 00 00 00 00 00 00 00 00 00 00 00 00 00 00
00 00 00 00 00 00 00 00 00 00 00 00 00 00 00 00 00 00 00 00 00 00 00 00 00 00 00 00 00 00 00 00 00 00 00 00 00 00 00 00 00 00 00 00 00 00 00 00 00 00
00 00 00 00 00 00 00 00 00 00 00 00 00 00 00 00 00 00 00 00 00 00 00 00 00 00 00 00 00 00 00 00 00 00 00 00 00 00 00 00 00 00 00 00 00 9a 99 b9 40 00
00 00 00 00 00 00 00 00 00 00 00 00 00 00 00 00 00 00 00 00 00 00 00 00 00 00 00 00 00 00 00 00 00 00 00 00 00 00 00 00 00 00 00 00 00 00 00 00 00 00
00 00 00 00 00 00 00 00 00 00 00 00 00 00 00
TX: <time: 09:10:58.827>
68 d5 5c 19 3e 0d 0d a8 14 00 01 00 51 40 00 00 00 00 00 00 00 00 00 00 00 00 00 00 00 00 00 00 00 00 00 00 00 00 00 00 00 00 00 00 00 00 00 00 00 00
00 00 00 00 00 00 00 00 00 00 00 00 00 00 00 00 00 00 00 00 00 00 00 00 00 00 00 00 00 00 00 00 00 00 00 00 00 00 00 00 00 00 00 00 00 00 00 00 00 00
00 00 00 00 00 00 00 00 00 00 00 00 00 00 00 00 00 00 00 00 00 00 00 00 00 00 00 00 00 00 00 00 00 00 00 00 00 00 00 00 00 00 00 00 00 00 00 00 00 00
00 00 00 00 00 00 00 00 00 00 00 00 00 00 00 00 00 00 00 00 00 00 00 00 00 00 00 00 00 00 00 00 00 00 00 00 00 00 00 00 00 00 00 00 00 00 00 00 00 00
00 00 00 00 00 00 00 00 00 00 00 00 00 00 00
TX: <time: 09:10:58.948>
68 d5 5e 19 3e 0d 0d a8 14 00 01 00 79 40 00 00 00 00 00 00 00 00 00 00 00 00 00 00 00 00 00 00 00 00 00 00 00 00 00 00 00 00 00 00 00 00 00 00 00 00
00 00 00 00 00 00 00 00 00 00 00 00 00 00 00 00 00 00 00 00 00 00 00 00 00 00 00 00 00 00 00 00 00 00 00 00 00 00 00 00 00 00 00 00 00 00 00 00 00 00
00 00 00 00 00 00 00 00 00 00 00 00 00 00 00 00 00 00 00 00 00 00 00 00 00 00 00 00 00 00 00 00 00 00 00 00 00 00 00 00 00 00 00 00 00 00 00 00 00 00
00 00 00 00 00 00 00 00 00 00 00 00 00 00 00 00 00 00 00 00 00 00 00 00 00 00 00 00 00 00 00 00 00 00 00 00 00 00 00 00 00 00 00 00 00 00 00 00 00 00
00 00 00 00 00 00 00 00 00 00 00 00 00 00 00
TX: <time: 09:10:59.069>
68 d5 60 19 3e 0d 0d a8 14 00 01 00 a1 40 00 00 00 00 00 00 00 00 00 00 00 00 00 00 00 00 00 00 00 00 00 00 00 00 00 00 00 00 00 00 00 00 00 00 00 00
00 00 00 00 00 00 00 00 00 00 00 00 00 00 00 00 00 00 00 00 00 00 00 00 00 00 00 00 00 00 00 00 00 00 00 00 00 00 00 00 00 00 00 00 00 00 00 00 00 00
00 00 00 00 00 00 00 00 00 00 00 00 00 00 00 00 00 00 00 00 00 00 00 00 00 00 00 00 00 00 00 00 00 00 00 00 00 00 00 00 00 00 00 00 00 00 00 00 00 00
00 00 00 00 00 00 00 00 00 00 00 00 00 00 00 00 00 00 00 00 00 00 00 00 00 00 00 00 00 00 00 00 00 00 00 00 00 00 00 00 00 00 00 00 00 00 00 00 00 00
00 00 00 00 00 00 00 00 00 00 00 00 00 00 00
TX: <time: 09:10:59.229>
68 d5 62 19 3e 0d 0d a8 14 00 01 00 c9 40 00 00 00 00 00 00 00 00 00 00 00 00 00 00 00 00 00 00 00 00 00 00 00 00 00 00 00 00 00 00 00 00 00 00 00 00
00 00 00 00 00 00 00 00 00 00 00 00 00 00 00 00 00 00 00 00 00 00 00 00 00 00 00 00 00 00 00 00 00 00 00 00 00 00 00 00 00 00 00 00 00 00 00 00 00 00
00 00 00 00 00 00 00 00 00 00 00 00 00 00 00 00 00 00 00 00 00 00 00 00 00 00 00 00 00 00 00 00 00 00 00 00 00 00 00 00 00 00 00 00 00 00 00 00 00 00
00 00 00 00 00 00 00 00 00 00 00 00 00 00 00 00 00 00 00 00 00 00 00 00 00 00 00 00 00 00 00 00 00 00 00 00 00 00 00 00 00 00 00 00 00 00 00 00 00 00
00 00 00 00 00 00 00 00 00 00 00 00 00 00 00
TX: <time: 09:10:59.350>
68 d5 64 19 3e 0d 0d a8 14 00 01 00 f1 40 00 00 00 00 00 00 00 00 00 00 00 00 00 00 00 00 00 00 00 00 00 00 00 00 00 00 00 00 00 00 00 00 00 00 00 00
00 00 00 00 00 00 00 00 00 00 00 00 00 00 00 00 00 00 00 00 00 00 00 00 00 00 00 00 00 00 00 00 00 00 00 00 00 00 00 00 00 00 00 00 00 00 00 00 00 00
00 00 00 00 00 00 00 00 00 00 00 00 00 00 00 00 00 00 00 00 00 00 00 00 00 00 00 00 00 00 00 00 00 00 00 00 00 00 00 00 00 00 00 00 00 00 00 00 00 00
00 00 00 00 00 00 00 00 00 00 00 00 00 00 00 00 00 00 00 00 00 00 00 00 00 00 00 00 00 00 00 00 00 00 00 00 00 00 00 00 00 00 00 00 00 00 00 00 00 00
00 00 00 00 00 00 00 00 00 00 00 00 00 00 00
TX: <time: 09:10:59.510>
68 d5 66 19 3e 0d 0d a8 14 00 01 00 19 41 00 00 00 00 00 00 00 00 00 00 00 00 00 00 00 00 00 00 00 00 00 00 00 00 00 00 00 00 00 00 00 00 00 00 00 00
00 00 00 00 00 00 00 00 00 00 00 00 00 00 00 00 00 00 00 00 00 00 00 00 00 00 00 00 00 00 00 00 00 00 00 00 00 00 00 00 00 00 00 00 00 00 00 00 00 00
00 00 00 00 00 00 00 00 00 00 00 00 00 00 00 00 00 00 00 00 00 00 00 00 00 00 00 00 00 00 00 00 00 00 00 00 00 00 00 00 00 00 00 00 00 00 00 00 00 00
00 00 00 00 00 00 00 00 00 00 00 00 00 00 00 00 00 00 00 00 00 00 00 00 00 00 00 00 00 00 00 00 00 00 00 00 00 00 00 00 00 00 00 00 00 00 00 00 00 00
00 00 00 00 00 00 00 00 00 00 00 00 00 00 00
TX: <time: 09:10:59.631>
68 d5 68 19 3e 0d 0d a8 14 00 01 00 41 41 00 00 00 00 00 00 00 00 00 00 00 00 00 00 00 00 00 00 00 00 00 00 00 00 00 00 00 00 00 00 00 00 00 00 00 00
00 00 00 00 00 00 00 00 00 00 00 00 00 00 00 00 00 00 00 00 00 00 00 00 00 00 00 a0 40 00 00 00 a0 40 00 00 00 a0 40 00 00 00 80 3f 00 00 00 80 3f 00
00 00 80 3f 00 00 00 80 3e 00 00 00 80 3e 00 00 00 80 3e 00 00 00 a0 40 00 00 00 a0 40 00 00 00 a0 40 00 00 00 80 3f 00 00 00 80 3f 00 00 00 80 3f 00
85 eb c1 40 00 85 eb c1 40 00 85 eb c1 40 00 00 00 a0 40 00 00 00 a0 40 00 00 00 a0 40 00 00 00 80 3f 00 00 00 80 3f 00 00 00 80 3f 00 85 eb c1 40 00
85 eb c1 40 00 85 eb c1 40 00 00 00 a0 40 00
TX: <time: 09:10:59.792>
68 d5 6a 19 3e 0d 0d a8 14 00 01 00 69 41 00 00 00 a0 40 00 00 00 a0 40 00 00 00 80 3f 00 00 00 80 3f 00 00 00 80 3f 00 85 eb c1 40 00 85 eb c1 40 00
85 eb c1 40 00 00 00 a0 40 00 00 00 a0 40 00 00 00 a0 40 00 00 00 80 3f 00 00 00 80 3f 00 00 00 80 3f 00 85 eb c1 40 00 85 eb c1 40 00 85 eb c1 40 00
00 00 a0 40 00 00 00 a0 40 00 00 00 a0 40 00 00 00 80 3f 00 00 00 80 3f 00 00 00 80 3f 00 85 eb c1 40 00 85 eb c1 40 00 85 eb c1 40 00 00 00 a0 40 00
00 00 a0 40 00 00 00 a0 40 00 00 00 80 3f 00 00 00 80 3f 00 00 00 80 3f 00 85 eb c1 40 00 85 eb c1 40 00 85 eb c1 40 00 00 00 a0 40 00 00 00 a0 40 00
00 00 a0 40 00 00 00 80 3f 00 00 00 80 3f 00
TX: <time: 09:10:59.912>
68 04 01 00 3e 0d
TX: <time: 09:11:00.073>
68 d5 6c 19 3e 0d 0d a8 14 00 01 00 91 41 00 00 00 80 3f 00 85 eb c1 40 00 85 eb c1 40 00 85 eb c1 40 00 00 00 a0 40 00 00 00 a0 40 00 00 00 a0 40 00
00 00 80 3f 00 00 00 80 3f 00 00 00 80 3f 00 85 eb c1 40 00 85 eb c1 40 00 85 eb c1 40 00 00 00 a0 40 00 00 00 a0 40 00 00 00 a0 40 00 00 00 80 3f 00
00 00 80 3f 00 00 00 80 3f 00 85 eb c1 40 00 85 eb c1 40 00 85 eb c1 40 00 00 00 a0 40 00 00 00 a0 40 00 00 00 a0 40 00 00 00 80 3f 00 00 00 80 3f 00
00 00 80 3f 00 85 eb c1 40 00 85 eb c1 40 00 85 eb c1 40 00 00 00 a0 40 00 00 00 a0 40 00 00 00 a0 40 00 00 00 80 3f 00 00 00 80 3f 00 00 00 80 3f 00
85 eb c1 40 00 85 eb c1 40 00 85 eb c1 40 00
TX: <time: 09:11:00.193>
68 d5 6e 19 3e 0d 0d a8 14 00 01 00 b9 41 00 00 00 a0 40 00 00 00 a0 40 00 00 00 a0 40 00 00 00 80 3f 00 00 00 80 3f 00 00 00 80 3f 00 85 eb c1 40 00
85 eb c1 40 00 85 eb c1 40 00 00 00 a0 40 00 00 00 a0 40 00 00 00 a0 40 00 00 00 80 3f 00 00 00 80 3f 00 00 00 80 3f 00 85 eb c1 40 00 85 eb c1 40 00
85 eb c1 40 00 00 00 a0 40 00 00 00 a0 40 00 00 00 a0 40 00 00 00 80 3f 00 00 00 80 3f 00 00 00 80 3f 00 85 eb c1 40 00 85 eb c1 40 00 85 eb c1 40 00
00 00 ba 42 00 00 00 ba 42 00 00 00 ba 42 00 00 00 92 42 00 00 00 92 42 00 00 00 92 42 00 00 00 7e 42 00 00 00 7e 42 00 00 00 7e 42 00 00 00 00 00 00
00 00 00 00 00 00 00 00 00 00 00 00 00 00 00
TX: <time: 09:11:00.354>
68 30 70 19 3e 0d 0d 87 14 00 01 00 e1 41 00 00 00 00 00 00 00 00 00 00 00 00 00 7e 42 00 00 00 7e 42 00 00 00 7e 42 00 00 00 00 00 00 00 00 00 00 00
TX: <time: 09:11:00.475>
68 0e 72 19 3e 0d 64 01 0a 00 01 00 00 00 00 14
RX: <time: 09:11:01.037>
68 04 01 00 50 19
TX: <time: 09:11:04.133>
68 04 43 00 00 00
RX: <time: 09:11:11.075>
68 04 01 00 60 19
TX: <time: 09:11:11.359>
68 04 43 00 00 00
TX: <time: 09:11:18.570>
68 04 43 00 00 00
RX: <time: 09:11:23.598>
68 04 01 00 70 19
TX: <time: 09:11:25.690>
68 04 43 00 00 00
RX: <time: 09:11:27.711>
68 04 83 00 00 00
RX: <time: 09:11:29.206>
68 04 83 00 00 00
RX: <time: 09:11:30.709>
68 04 83 00 00 00
RX: <time: 09:11:32.231>
68 04 83 00 00 00
TX: <time: 09:11:32.913>
68 04 43 00 00 00
RX: <time: 09:11:33.435>
68 04 83 00 00 00
RX: <time: 09:11:36.448>
68 04 01 00 74 19
TX: <time: 09:11:40.022>
68 04 43 00 00 00
RX: <time: 09:11:40.544>
68 04 83 00 00 00
RX: <time: 09:11:46.549>
68 04 01 00 74 19
TX: <time: 09:11:47.195>
68 04 43 00 00 00
RX: <time: 09:11:47.720>
68 04 83 00 00 00
TX: <time: 09:11:54.401>
68 04 43 00 00 00
RX: <time: 09:11:54.930>
68 04 83 00 00 00
RX: <time: 09:11:56.415>
68 04 01 00 74 19
TX: <time: 09:12:01.557>
68 04 43 00 00 00
RX: <time: 09:12:02.079>
68 04 83 00 00 00
RX: <time: 09:12:06.578>
68 04 01 00 74 19
TX: <time: 09:12:08.670>
68 04 43 00 00 00
RX: <time: 09:12:09.193>
68 04 83 00 00 00
TX: <time: 09:12:15.819>
68 04 43 00 00 00
RX: <time: 09:12:16.341>
68 04 83 00 00 00
RX: <time: 09:12:17.867>
68 04 01 00 74 19
TX: <time: 09:12:22.931>
68 04 43 00 00 00
RX: <time: 09:12:23.456>
68 04 83 00 00 00
RX: <time: 09:12:26.467>
68 04 01 00 74 19
TX: <time: 09:12:30.040>
68 04 43 00 00 00
RX: <time: 09:12:30.562>
68 04 83 00 00 00
RX: <time: 09:12:36.581>
68 04 01 00 74 19
TX: <time: 09:12:37.267>
68 04 43 00 00 00
RX: <time: 09:12:37.791>
68 04 83 00 00 00
TX: <time: 09:12:44.404>
68 04 43 00 00 00
RX: <time: 09:12:44.928>
68 04 83 00 00 00
RX: <time: 09:12:46.427>
68 04 01 00 74 19
TX: <time: 09:12:51.531>
68 04 43 00 00 00
RX: <time: 09:12:52.060>
68 04 83 00 00 00
RX: <time: 09:12:56.569>
68 04 01 00 74 19
TX: <time: 09:12:58.698>
68 04 43 00 00 00
RX: <time: 09:12:59.221>
68 04 83 00 00 00
TX: <time: 09:13:05.808>
68 04 43 00 00 00
RX: <time: 09:13:06.336>
68 04 83 00 00 00
RX: <time: 09:13:07.824>
68 04 01 00 74 19
TX: <time: 09:13:12.926>
68 04 43 00 00 00
RX: <time: 09:13:13.449>
68 04 83 00 00 00
RX: <time: 09:13:16.473>
68 04 01 00 74 19
TX: <time: 09:13:20.094>
68 04 43 00 00 00
RX: <time: 09:13:20.621>
68 04 83 00 00 00
RX: <time: 09:13:26.613>
68 04 01 00 74 19
TX: <time: 09:13:27.215>
68 04 43 00 00 00
RX: <time: 09:13:27.740>
68 04 83 00 00 00
TX: <time: 09:13:34.333>
68 04 43 00 00 00
RX: <time: 09:13:34.857>
68 04 83 00 00 00
RX: <time: 09:13:36.345>
68 04 01 00 74 19
TX: <time: 09:13:41.540>
68 04 43 00 00 00
RX: <time: 09:13:42.062>
68 04 83 00 00 00
RX: <time: 09:13:46.561>
68 04 01 00 74 19
TX: <time: 09:13:48.649>
68 04 43 00 00 00
RX: <time: 09:13:49.171>
68 04 83 00 00 00
TX: <time: 09:13:55.756>
68 04 43 00 00 00
RX: <time: 09:13:56.282>
68 04 83 00 00 00
RX: <time: 09:13:57.776>
68 04 01 00 74 19
TX: <time: 09:14:02.895>
68 04 43 00 00 00
RX: <time: 09:14:03.428>
68 04 83 00 00 00
RX: <time: 09:14:06.424>
68 04 01 00 74 19
TX: <time: 09:14:10.040>
68 04 43 00 00 00
RX: <time: 09:14:10.568>
68 04 83 00 00 00
RX: <time: 09:14:16.556>
68 04 01 00 74 19
TX: <time: 09:14:17.159>
68 04 43 00 00 00
RX: <time: 09:14:17.686>
68 04 83 00 00 00
TX: <time: 09:14:24.271>
68 04 43 00 00 00
RX: <time: 09:14:24.797>
68 04 83 00 00 00
RX: <time: 09:14:26.285>
68 04 01 00 74 19
